0 306 316 390 449 691 700 756
0 388 390 753 754
0 5 20 449 453 466 754
1 4 8 11 456
1 2 11 24 450 458
1 2 4 17 452 471 472
2 3 26 450 472
3 26 451 808 831 1256
3 24 450 451 468 470
4 8 17 28 463
17 295 296 452 463 685
5 14 388 754
5 6 10 14 453 454 457
6 7 19 454 455 464 465
6 20 27 453 465
7 9 10 454
7 9 11 12 455 456 458
8 18 28 455 456 464 473
9 10 12 13 457 459
12 21 24 458 459 470
13 21 459 460 462 467
13 14 457 460
15 16 461
15 820
15 23 461 820 828 1266
16 460 462
16 23 461 462 467 469
18 34 36 473 476
18 19 36 297 298 464 477 686
19 27 37 298 465 478
20 27 37 300 466 688
21 22 467 468 469 470
22 23 469 827 828 1274
22 451 468 827 1256 1273
25 26 471 472 830 831 1276 1277
25 169 287 584 830 974 1092 1389
25 169 295 452 471
28 34 296 463 473
29 384
29 346 351 384 727 729
29 351 750
30 256 654 706 707
30 151 320 321 567 705 706
30 151 256 378 624 748
31 33 35 297 475 477
31 35 290 294 684
31 32 33 290 334 474 680
32 41 44 334 337 483 718
32 40 335 337 474 719
33 291 474 475 681 719
34 292 294 296 476 682 684 685
35 36 294 476 477
37 38 299 478 687 688
38 39 268 269 299 479 663
38 291 298 478 479 681 686
39 265 266 269 662
39 265 267 268 336 661 720
309 320 321 340 341 694 695
304 320 341 342 705
53 54 301 480 489 491
40 41 301 336 337 480 481 720
40 267 335 720
41 44 412 422 425 481
42 47 262 484 658 659
42 153 263 376 377 484 747
42 261 274 658 667 668 747
43 405 422 480 481 482 489
43 260 405 770 771 791
43 260 261 482 657 667
44 45 425 428 483
45 172 173 483 587 588 718
45 173 427 428 781 782
46 274 275 376 747
46 153 376 670
46 275 276 280 666 669 670 672
47 258 283 656 659
47 201 263 283 484 606 607
48 101 485 565 671
48 49 180 277 278 671
48 68 100 180 190 485 519 594
49 276 278 672
49 91 153 276 277 377 670
50 284 421 439 486
50 51 284 285 487 675
50 259 281 486 487 673
51 52 285 286 488 676
51 202 258 259 283 487 488 607
52 203 286 677
52 55 62 64 202 203 488 492 608
54 482 489 667 668
53 301 336 490 661
53 264 490 491 660 689
54 264 274 275 491 668 669
55 56 57 58 59 60 61 62
55 56 64 86 609
56 57 86 94 497 509 512
57 58 197 512 602
58 59 197 603 604
59 60 198 199 604
60 61 63 99 199 518 605
61 62 63 201 202 607
63 200 201 518 606
64 204 492 609 869 1009 1297 1414
65 92 181 182 183 598
65 66 183 184 185
65 67 146 147 181 185 563 564
66 93 184 186 187 188 517 595
66 185 208 517 563
67 68 92 181 190
88 89 519 594
186 208 515 517
67 101 190 485 564
68 92 100 182 189
88 89 90 99 200 511 518
69 206 493 611 874 1011 1298 1416
69 70 75 206 494 500
69 76 385 493 494
70 75 178 195
70 71 76 195 494 495 601
71 72 79 95 496 503 513 601
71 72 78 196 495
72 78 496 497 502 509
94 496 497 503
73 179 365 366 498 593 741
73 74 84 85 179 499
73 83 207 498 499
74 75 84 178 500 592
74 83 206 499 500 507 611
76 196 205 385 495 610 751
77 205 501 610 882 1010 1306 1415
77 78 196 205 502
77 86 204 501 502 509 609
79 80 145 504 513 562
79 94 503 504 512 602
80 81 145 505 600
80 197 504 505 602 603
81 82 194 506 599 600
81 198 505 506 603 604
82 87 193 510 596 599
82 198 199 506 510 605
83 207 507 888 1012 1312
84 85 508 592
95 96 178 195 508 514 592 601
85 93 96 179 188 508 593
87 88 100 189 511 519 596
87 99 510 511 605
89 90 91 180 277 594
90 91 200 263 377 606
93 96 177 187 514
95 177 513 514 562 591
97 186 188 366 515 593
97 98 144 366 516 561 741
97 146 208 515 516 563 628
98 144 216 618 738
98 154 217 226 516 618 619 628
101 147 148 225 564 565 626 627
102 143 237 520 736
237 238 361 448 520 637 803
105 234 353 354 440 523 635 732
105 235 635 636
102 142 358 360 361 520 559 735
102 112 359 360 530 736
238 239 446 521 638 803
140 445 446 521 558 801
139 140 444 445 557 800
103 138 444 556 557 799
103 104 246 522 556 646
103 441 522 796 797 799
104 105 236 246 523 636
104 440 522 523 796
106 166 402 580 581 762
106 402 403 404 763 764
106 165 396 403 579 580 760
124 125 399 542 761 763 764
125 126 395 398 404 543 763
164 396 401 578 579
397 398 532 543
114 123 162 163 397 401 525 532 533 548 576 577 578
124 157 541 571 761
157 399 400 582 761
167 400 581 582 762
107 113 115 157 167 227 343 524 526 531 534 571 582
117 118 156 343 524 536 570
114 120 121 344 533 539 722
114 121 122 540 548
118 119 537 569 570
119 120 155 344 538 569
111 161 162 525 529 575
108 109 159 160 527 528 573
107 108 158 526 527
113 158 526 572
107 109 166 167 527 581
108 158 159 358 572 735
109 110 165 166 528 580
110 160 161 528 529 574
110 111 164 165 529 579
111 164 525 578
112 113 360 531 572 735
112 115 530 531 631
228 230 359 530 629 631
126 532 533 543 722
115 154 216 230 534 618 631
116 117 227 524 535
116 217 218 535 619
116 154 217 227 534
117 218 219 535 536 620
118 219 220 536 537 621
119 130 220 537 538 547 622
120 129 538 539 546 547
121 128 129 539 540 545
122 123 209 548 612
122 128 540 549 612
123 163 209 550
124 155 156 541 542 569 570
125 126 155 344 542 722
127 175 176 544 583 589
127 174 587 588 589
127 172 293 544 586 587 683
128 131 210 211 231 545 549 632
129 211 221 545 546 613
130 221 379 546 547 623
130 223 378 379 622 748
131 132 209 549 550 612 730
131 352 632 634 730
132 163 550 551 577
132 133 352 551 730 731
133 551 552 576 577
133 134 353 552 731 732
134 135 162 552 553 575 576
134 354 553 732 733
135 136 161 554 574 575
135 355 553 554 733 734
136 137 160 555 573 574
136 356 357 554 555 734
137 159 358 559 573
137 142 357 447 555 559 798 802
138 139 243 244 557 643
138 244 245 556 644 646
139 140 141 242 243 558 642
141 239 240 521 558 639 640
141 240 241 242 641
142 361 448 802
143 237 560 637 948 1042 1365 1442
143 228 229 359 560 630 736
144 363 561 737 738 739
145 191 194 562 591 600
146 147 226 627 628
148 149 224 566 625 626
148 278 279 280 565 566 671 672
149 150 151 223 378 567 625
149 150 152 279 566
150 152 304 567 568 705
152 273 279 280 568 666
156 343 541 571
168 171 544 583 586 679
168 289 679 973 1094 1484
168 176 583 590 973 981 1388 1395
169 288 295 584 678 682 685
170 171 288 289 585 678 679
170 287 584 678
170 287 585 975 1092 1390
171 288 292 293 586 682
172 334 680 683 718
173 174 426 427 588 780
174 175 426 589 778
175 176 423 432 590 778
177 187 191 591 595 597
182 189 192 193 596 598
183 184 192 595 597 598
191 192 193 194 597 599
203 608 677 1008 1413 1482
204 501 1009 1306
207 365 498 740 1012 1170 1303 1545
210 212 213 231 614
210 211 213 214 613 615 616
212 231 233 632 633 634
212 232 252 253 614 633 651
213 253 254 614 615 652
214 254 255 615 617 653
214 215 222 256 616 617 624 654
215 255 323 326 617 708 711
215 322 654 707 708
216 230 363 629 738
218 225 226 619 620 627
219 224 225 620 621 626
220 223 224 621 622 625
221 222 613 616 623
222 379 623 624 748
228 229 363 364 629 739
229 364 630 1034 1169 1435
232 233 234 235 248 633 635 648
232 248 251 252 650
233 234 352 353 634 731
235 236 247 249 636 647 648
236 245 246 247 645 646
238 637 638 1043 1442 1443
239 638 639 1044 1443 1444
240 241 640 1045 1046 1445
241 381 641 749 1046 1186 1446 1554
242 381 382 641 642
243 351 382 642 643 729 750
244 346 643 644 724 729
245 345 644 645 723 724
247 374 645 647 723
248 249 250 251 648 649
249 250 374 647 746
250 347 370 371 649 725 746
251 371 372 649 650 743
252 372 373 650 651 744 745
253 368 373 651 652 742
254 328 368 652 653 712
255 327 328 653 711
257 258 259 281 655 656
257 262 282 656 659 674
257 413 436 655 674
260 282 413 434 657 674 791
261 262 282 657 658
264 272 273 660 665 666 669
265 266 302 490 661 689
266 302 303 662 664 690
267 268 335 479 681 719
269 270 271 662 663 664
270 271 305 308 693
270 299 307 308 663 687 692
271 303 305 309 340 664
272 303 340 341 342 665 690
272 302 660 689 690
273 304 342 568 665
281 436 437 655 673 792
284 439 675 795 1089 1244 1480 1600
285 675 676 1090 1480 1481
286 676 677 1091 1481 1482
289 585 1094 1390
290 292 293 680 683 684
291 297 475 686
300 306 307 687 688 691
300 306 449 466
305 309 318 693 694 702 703
307 317 691 692 700 701
308 692 693 701 702
319 694 695 703 704
310 311 325 332 333 696 716 717
310 324 325 326 327 710 711
310 324 331 332 709 715
311 312 314 315 696 699
311 312 313 325 697 710
312 317 318 697 699 701 702
313 323 326 698 710
313 318 319 697 698 703
314 333 393 696 758
314 315 375 391 392 393 757
315 316 317 375 699 700
316 375 391 756
319 322 323 698 704 708
321 322 695 704 706 707
324 327 328 329 709 712 713
329 330 350 713 728
329 330 331 709 714
330 714
331 714 715
332 715 716 804
333 394 717 721 758
338 339 716 717 721 804
338 339
338 394 721 759
339 804
345 346 349 724 726 727
345 348 374 723 725 726 746
347 348 380 383 725
347 370 383
348 349 380 726
349 384 727
350 369 373 728 742 745
350 369
354 355 440 441 733 796
355 356 441 442 734 797
356 357 442 443 798
362 365 561 737 740 741
362 740 1167 1545
362 364 737 739 1167 1169 1542 1544
367 369 744 745
367 372 743 744
367
368 712 713 728 742
370 371 743
380 383
381 382 749 750
385 493 751 1190 1298 1556
389 755 759
386 387 390 391 752 753 756 757
386 389 392 755 757
386 752 755
387 752
387 388 753
389 392 393 394 758 759
395 403 404 760
395 396 397 398 401 760
399 400 402 762 764
405 411 412 422 770
406 765 766
406 407 431 433 766 786
406 433 765 788 1211 1238 1570 1593
407 766 767
407 408 430 431 767 785
408 767 768
408 409 429 430 768 784
409 768 769
409 410 429 769 783
410 411 769
410 411 412 425 428 782 783
414 770 771
432 590 787 1237 1395 1592
413 434 435 436 789 792
421 437 486 673 777 793
414 415 772
414 434 771 772 789 791
415 416 773
415 435 772 773 789 790
416 417 774
416 424 773 774 779 790
417 418 419 775
417 418 420 774 776 779
418 438 775 776 794
419 1224
419 775 794 1224 1580 1599
420 421 438 439 776 777 795
420 424 777 779 793
423 432 433 786 787 788
423 426 431 778 780 785 786
424 435 437 790 792 793
427 430 780 781 784 785
429 781 782 783 784
438 794 795 1243 1599 1600
442 443 444 797 799 800
443 445 447 798 800 801
446 447 448 801 802 803
492 608 1297 1413
507 611 1312 1416
560 630 1365 1435
610 751 1415 1556
639 640 1444 1445
749 1554
765 1570
787 788 1592 1593
805 1111 1121 1195 1254 1496 1505 1561
805 1193 1195 1558 1559
805 810 825 1254 1258 1271 1559
806 809 813 816 1261
806 807 816 829 1255 1263
806 807 809 822 1257 1276 1277
807 808 831 1255 1277
808 829 1255 1256 1273 1275
809 813 822 833 1268
822 1100 1101 1257 1268 1490
810 819 1193 1559
810 811 815 819 1258 1259 1262
811 812 824 1259 1260 1269 1270
811 825 832 1258 1270
812 814 815 1259
812 814 816 817 1260 1261 1263
813 823 833 1260 1261 1269 1278
814 815 817 818 1262 1264
817 826 829 1263 1264 1275
818 826 1264 1265 1267 1272
818 819 1262 1265
820 821 1266
821 1265 1267
821 828 1266 1267 1272 1274
823 839 841 1278 1281
823 824 841 1102 1103 1269 1282 1491
824 832 842 1103 1270 1283
825 832 842 1105 1271 1493
826 827 1272 1273 1274 1275
830 974 1100 1257 1276
833 839 1101 1268 1278
834 1189
834 1151 1156 1189 1532 1534
834 1156 1555
835 1061 1459 1511 1512
835 956 1125 1126 1372 1510 1511
835 956 1061 1183 1429 1553
836 838 840 1102 1280 1282
836 840 1095 1099 1489
836 837 838 1095 1139 1279 1485
837 846 849 1139 1142 1288 1523
837 845 1140 1142 1279 1524
838 1096 1279 1280 1486 1524
839 1097 1099 1101 1281 1487 1489 1490
840 841 1099 1281 1282
842 843 1104 1283 1492 1493
843 844 1073 1074 1104 1284 1468
843 1096 1103 1283 1284 1486 1491
844 1070 1071 1074 1467
844 1070 1072 1073 1141 1466 1525
1114 1125 1126 1145 1146 1499 1500
1109 1125 1146 1147 1510
858 859 1106 1285 1294 1296
845 846 1106 1141 1142 1285 1286 1525
845 1072 1140 1525
846 849 1217 1227 1230 1286
847 852 1067 1289 1463 1464
847 958 1068 1181 1182 1289 1552
847 1066 1079 1463 1472 1473 1552
848 1210 1227 1285 1286 1287 1294
848 1065 1210 1575 1576 1596
848 1065 1066 1287 1462 1472
849 850 1230 1233 1288
850 977 978 1288 1392 1393 1523
850 978 1232 1233 1586 1587
851 1079 1080 1181 1552
851 958 1181 1475
851 1080 1081 1085 1471 1474 1475 1477
852 1063 1088 1461 1464
852 1006 1068 1088 1289 1411 1412
853 906 1290 1370 1476
853 854 985 1082 1083 1476
853 873 905 985 995 1290 1324 1399
854 1081 1083 1477
854 896 958 1081 1082 1182 1475
855 1089 1226 1244 1291
855 856 1089 1090 1292 1480
855 1064 1086 1291 1292 1478
856 857 1090 1091 1293 1481
856 1007 1063 1064 1088 1292 1293 1412
857 1008 1091 1482
857 860 867 869 1007 1008 1293 1297 1413
859 1287 1294 1472 1473
858 1106 1141 1295 1466
858 1069 1295 1296 1465 1494
859 1069 1079 1080 1296 1473 1474
860 861 862 863 864 865 866 867
860 861 869 891 1414
861 862 891 899 1302 1314 1317
862 863 1002 1317 1407
863 864 1002 1408 1409
864 865 1003 1004 1409
865 866 868 904 1004 1323 1410
866 867 868 1006 1007 1412
868 1005 1006 1323 1411
870 897 986 987 988 1403
870 871 988 989 990
870 872 951 952 986 990 1368 1369
871 898 989 991 992 993 1322 1400
871 990 1013 1322 1368
872 873 897 986 995
893 894 1324 1399
991 1013 1320 1322
872 906 995 1290 1369
873 897 905 987 994
893 894 895 904 1005 1316 1323
874 875 880 1011 1299 1305
874 881 1190 1298 1299
875 880 983 1000
875 876 881 1000 1299 1300 1406
876 877 884 900 1301 1308 1318 1406
876 877 883 1001 1300
877 883 1301 1302 1307 1314
899 1301 1302 1308
878 984 1170 1171 1303 1398 1546
878 879 889 890 984 1304
878 888 1012 1303 1304
879 880 889 983 1305 1397
879 888 1011 1304 1305 1312 1416
881 1001 1010 1190 1300 1415 1556
882 883 1001 1010 1307
882 891 1009 1306 1307 1314 1414
884 885 950 1309 1318 1367
884 899 1308 1309 1317 1407
885 886 950 1310 1405
885 1002 1309 1310 1407 1408
886 887 999 1311 1404 1405
886 1003 1310 1311 1408 1409
887 892 998 1315 1401 1404
887 1003 1004 1311 1315 1410
889 890 1313 1397
900 901 983 1000 1313 1319 1397 1406
890 898 901 984 993 1313 1398
892 893 905 994 1316 1324 1401
892 904 1315 1316 1410
894 895 896 985 1082 1399
895 896 1005 1068 1182 1411
898 901 982 992 1319
900 982 1318 1319 1367 1396
902 991 993 1171 1320 1398
902 903 949 1171 1321 1366 1546
902 951 1013 1320 1321 1368 1433
903 949 1021 1423 1543
903 959 1022 1031 1321 1423 1424 1433
906 952 953 1030 1369 1370 1431 1432
907 948 1042 1325 1541
1042 1043 1166 1253 1325 1442 1608
910 1039 1158 1159 1245 1328 1440 1537
910 1040 1440 1441
907 947 1163 1165 1166 1325 1364 1540
907 917 1164 1165 1335 1541
1043 1044 1251 1326 1443 1608
945 1250 1251 1326 1363 1606
944 945 1249 1250 1362 1605
908 943 1249 1361 1362 1604
908 909 1051 1327 1361 1451
908 1246 1327 1601 1602 1604
909 910 1041 1051 1328 1441
909 1245 1327 1328 1601
911 971 1207 1385 1386 1567
911 1207 1208 1209 1568 1569
911 970 1201 1208 1384 1385 1565
929 930 1204 1347 1566 1568 1569
930 931 1200 1203 1209 1348 1568
969 1201 1206 1383 1384
1202 1203 1337 1348
919 928 967 968 1202 1206 1330 1337 1338 1353 1381 1382 1383
929 962 1346 1376 1566
962 1204 1205 1387 1566
972 1205 1386 1387 1567
912 918 920 962 972 1032 1148 1329 1331 1336 1339 1376 1387
922 923 961 1148 1329 1341 1375
919 925 926 1149 1338 1344 1527
919 926 927 1345 1353
923 924 1342 1374 1375
924 925 960 1149 1343 1374
916 966 967 1330 1334 1380
913 914 964 965 1332 1333 1378
912 913 963 1331 1332
918 963 1331 1377
912 914 971 972 1332 1386
913 963 964 1163 1377 1540
914 915 970 971 1333 1385
915 965 966 1333 1334 1379
915 916 969 970 1334 1384
916 969 1330 1383
917 918 1165 1336 1377 1540
917 920 1335 1336 1436
1033 1035 1164 1335 1434 1436
931 1337 1338 1348 1527
920 959 1021 1035 1339 1423 1436
921 922 1032 1329 1340
921 1022 1023 1340 1424
921 959 1022 1032 1339
922 1023 1024 1340 1341 1425
923 1024 1025 1341 1342 1426
924 935 1025 1342 1343 1352 1427
925 934 1343 1344 1351 1352
926 933 934 1344 1345 1350
927 928 1014 1353 1417
927 933 1345 1354 1417
928 968 1014 1355
929 960 961 1346 1347 1374 1375
930 931 960 1149 1347 1527
932 980 981 1349 1388 1394
932 979 1392 1393 1394
932 977 1098 1349 1391 1392 1488
933 936 1015 1016 1036 1350 1354 1437
934 1016 1026 1350 1351 1418
935 1026 1184 1351 1352 1428
935 1028 1183 1184 1427 1553
936 937 1014 1354 1355 1417 1535
936 1157 1437 1439 1535
937 968 1355 1356 1382
937 938 1157 1356 1535 1536
938 1356 1357 1381 1382
938 939 1158 1357 1536 1537
939 940 967 1357 1358 1380 1381
939 1159 1358 1537 1538
940 941 966 1359 1379 1380
940 1160 1358 1359 1538 1539
941 942 965 1360 1378 1379
941 1161 1162 1359 1360 1539
942 964 1163 1364 1378
942 947 1162 1252 1360 1364 1603 1607
943 944 1048 1049 1362 1448
943 1049 1050 1361 1449 1451
944 945 946 1047 1048 1363 1447
946 1044 1045 1326 1363 1444 1445
946 1045 1046 1047 1446
947 1166 1253 1607
948 1033 1034 1164 1365 1435 1541
949 1168 1366 1542 1543 1544
950 996 999 1367 1396 1405
951 952 1031 1432 1433
953 954 1029 1371 1430 1431
953 1083 1084 1085 1370 1371 1476 1477
954 955 956 1028 1183 1372 1430
954 955 957 1084 1371
955 957 1109 1372 1373 1510
957 1078 1084 1085 1373 1471
961 1148 1346 1376
973 976 1349 1388 1391 1484
974 1093 1100 1389 1483 1487 1490
975 976 1093 1094 1390 1483 1484
975 1092 1389 1483
976 1093 1097 1098 1391 1487
977 1139 1485 1488 1523
978 979 1231 1232 1393 1585
979 980 1231 1394 1583
980 981 1228 1237 1395 1583
982 992 996 1396 1400 1402
987 994 997 998 1401 1403
988 989 997 1400 1402 1403
996 997 998 999 1402 1404
1015 1017 1018 1036 1419
1015 1016 1018 1019 1418 1420 1421
1017 1036 1038 1437 1438 1439
1017 1037 1057 1058 1419 1438 1456
1018 1058 1059 1419 1420 1457
1019 1059 1060 1420 1422 1458
1019 1020 1027 1061 1421 1422 1429 1459
1020 1060 1128 1131 1422 1513 1516
1020 1127 1459 1512 1513
1021 1035 1168 1434 1543
1023 1030 1031 1424 1425 1432
1024 1029 1030 1425 1426 1431
1025 1028 1029 1426 1427 1430
1026 1027 1418 1421 1428
1027 1184 1428 1429 1553
1033 1034 1168 1169 1434 1544
1037 1038 1039 1040 1053 1438 1440 1453
1037 1053 1056 1057 1455
1038 1039 1157 1158 1439 1536
1040 1041 1052 1054 1441 1452 1453
1041 1050 1051 1052 1450 1451
1047 1186 1187 1446 1447
1048 1156 1187 1447 1448 1534 1555
1049 1151 1448 1449 1529 1534
1050 1150 1449 1450 1528 1529
1052 1179 1450 1452 1528
1053 1054 1055 1056 1453 1454
1054 1055 1179 1452 1551
1055 1152 1175 1176 1454 1530 1551
1056 1176 1177 1454 1455 1548
1057 1177 1178 1455 1456 1549 1550
1058 1173 1178 1456 1457 1547
1059 1133 1173 1457 1458 1517
1060 1132 1133 1458 1516
1062 1063 1064 1086 1460 1461
1062 1067 1087 1461 1464 1479
1062 1218 1241 1460 1479
1065 1087 1218 1239 1462 1479 1596
1066 1067 1087 1462 1463
1069 1077 1078 1465 1470 1471 1474
1070 1071 1107 1295 1466 1494
1071 1107 1108 1467 1469 1495
1072 1073 1140 1284 1486 1524
1074 1075 1076 1467 1468 1469
1075 1076 1110 1113 1498
1075 1104 1112 1113 1468 1492 1497
1076 1108 1110 1114 1145 1469
1077 1108 1145 1146 1147 1470 1495
1077 1107 1465 1494 1495
1078 1109 1147 1373 1470
1086 1241 1242 1460 1478 1597
1095 1097 1098 1485 1488 1489
1096 1102 1280 1491
1105 1111 1112 1492 1493 1496
1105 1111 1254 1271
1110 1114 1123 1498 1499 1507 1508
1112 1122 1496 1497 1505 1506
1113 1497 1498 1506 1507
1124 1499 1500 1508 1509
1115 1116 1130 1137 1138 1501 1521 1522
1115 1129 1130 1131 1132 1515 1516
1115 1129 1136 1137 1514 1520
1116 1117 1119 1120 1501 1504
1116 1117 1118 1130 1502 1515
1117 1122 1123 1502 1504 1506 1507
1118 1128 1131 1503 1515
1118 1123 1124 1502 1503 1508
1119 1138 1198 1501 1563
1119 1120 1180 1196 1197 1198 1562
1120 1121 1122 1180 1504 1505
1121 1180 1196 1561
1124 1127 1128 1503 1509 1513
1126 1127 1500 1509 1511 1512
1129 1132 1133 1134 1514 1517 1518
1134 1135 1155 1518 1533
1134 1135 1136 1514 1519
1135 1519
1136 1519 1520
1137 1520 1521 1609
1138 1199 1522 1526 1563
1143 1144 1521 1522 1526 1609
1143 1144
1143 1199 1526 1564
1144 1609
1150 1151 1154 1529 1531 1532
1150 1153 1179 1528 1530 1531 1551
1152 1153 1185 1188 1530
1152 1175 1188
1153 1154 1185 1531
1154 1189 1532
1155 1174 1178 1533 1547 1550
1155 1174
1159 1160 1245 1246 1538 1601
1160 1161 1246 1247 1539 1602
1161 1162 1247 1248 1603
1167 1170 1366 1542 1545 1546
1172 1174 1549 1550
1172 1177 1548 1549
1172
1173 1517 1518 1533 1547
1175 1176 1548
1185 1188
1186 1187 1554 1555
1194 1560 1564
1191 1192 1195 1196 1557 1558 1561 1562
1191 1194 1197 1560 1562
1191 1557 1560
1192 1557
1192 1193 1558
1194 1197 1198 1199 1563 1564
1200 1208 1209 1565
1200 1201 1202 1203 1206 1565
1204 1205 1207 1567 1569
1210 1216 1217 1227 1575
1211 1570 1571
1211 1212 1236 1238 1571 1591
1212 1571 1572
1212 1213 1235 1236 1572 1590
1213 1572 1573
1213 1214 1234 1235 1573 1589
1214 1573 1574
1214 1215 1234 1574 1588
1215 1216 1574
1215 1216 1217 1230 1233 1587 1588
1219 1575 1576
1218 1239 1240 1241 1594 1597
1226 1242 1291 1478 1582 1598
1219 1220 1577
1219 1239 1576 1577 1594 1596
1220 1221 1578
1220 1240 1577 1578 1594 1595
1221 1222 1579
1221 1229 1578 1579 1584 1595
1222 1223 1224 1580
1222 1223 1225 1579 1581 1584
1223 1243 1580 1581 1599
1225 1226 1243 1244 1581 1582 1600
1225 1229 1582 1584 1598
1228 1237 1238 1591 1592 1593
1228 1231 1236 1583 1585 1590 1591
1229 1240 1242 1595 1597 1598
1232 1235 1585 1586 1589 1590
1234 1586 1587 1588 1589
1247 1248 1249 1602 1604 1605
1248 1250 1252 1603 1605 1606
1251 1252 1253 1606 1607 1608
