393 2 30 11 28 51 37 50 10 257 36 259 260 689 473 687 453 487 474 488 456 457 446 807
389 392 0 335 336 52 54 320 334 49 44 46 262 217 216 215 256 688 650 750 482 481 486 751 741 491 489 753 752 445 444 806
390 391 352 338 322 323 321 55 318 56 90 61 59 60 66 62 69 409 414 416 264 418 265 427 814 830 816 817 840 826 507 823 503 485 498 527 493 739 492 742 744 756 769 768 805 804
394 344 346 337 324 325 326 317 92 89 65 68 316 315 313 314 312 328 84 83 835 521 831 749 733 824 827 737 504 505 502 526 529 528 747 740 745 754 763 767 802 808
361 364 345 348 340 57 58 327 252 74 72 80 81 147 76 99 100 86 88 87 524 522 523 537 512 513 580 500 501 510 509 511 684 748 495 494 757 765 761 766 781 778
365 362 347 353 41 42 249 250 248 78 79 144 139 137 134 97 132 96 119 95 121 117 130 116 551 564 553 556 532 557 567 566 569 568 571 578 545 579 514 680 682 681 683 479 771 478 770 762 780 758 779
360 343 342 280 279 287 43 221 285 284 155 105 107 152 110 150 141 123 125 560 559 574 583 546 542 543 540 678 588 710 679 711 654 480 707 706 759 777
357 359 355 311 278 286 219 220 208 207 186 185 206 182 205 283 154 153 244 377 794 584 587 636 638 639 618 619 640 641 653 712 732 776
358 310 274 218 211 210 184 177 183 176 173 397 204 201 282 288 714 708 634 637 612 646 609 616 617 642 644 651 700 772 775
356 383 309 275 223 222 224 228 187 196 195 193 188 191 192 190 197 161 156 243 242 675 589 594 630 623 622 624 621 626 605 627 608 620 659 645 658 656 701 699 703 798 773
380 372 290 292 229 374 231 230 233 232 235 157 295 590 593 674 667 668 665 662 660 717 715 702 730 789 790
382 291 304 293 159 168 169 166 167 433 434 435 162 440 595 596 843 842 792 602 601 592 716 729 797 795
381 307 305 303 294 237 236 238 297 671 669 598 670 719 726 728 796
369 367 302 301 299 298 720 722 723 784 786 727
368 385 370 366 371 39 38 40 386 441 801 477 476 783 787 800 785
